% Matlab M-file converted by [Custom WaveView] saved 13:29:06 Fri Apr 24 2020
TIME = [ 0.000E+00  2.500E-11  5.000E-11  1.000E-10  1.015E-10  1.028E-10  1.069E-10  1.096E-10  1.100E-10  1.107E-10  1.109E-10  1.115E-10  1.129E-10  1.152E-10  1.177E-10  1.210E-10  1.260E-10  1.287E-10  1.313E-10  1.369E-10  1.391E-10  1.412E-10  1.455E-10  1.503E-10  1.564E-10  1.679E-10  1.812E-10  1.993E-10  2.223E-10  2.616E-10  3.309E-10  4.735E-10  7.217E-10  1.112E-09  1.759E-09  2.110E-09  2.115E-09  2.118E-09  2.120E-09  2.121E-09  2.121E-09  2.122E-09  2.124E-09  2.127E-09  2.131E-09  2.138E-09  2.142E-09  2.147E-09  2.150E-09  2.154E-09  2.162E-09  2.171E-09  2.176E-09  2.184E-09  2.192E-09  2.199E-09  2.208E-09  2.219E-09  2.234E-09  2.256E-09  2.289E-09  2.339E-09  2.418E-09  2.544E-09  2.745E-09  3.069E-09  3.594E-09  4.100E-09  4.105E-09  4.109E-09  4.110E-09  4.110E-09  4.111E-09  4.111E-09  4.113E-09  4.115E-09  4.118E-09  4.122E-09  4.124E-09  4.127E-09  4.132E-09  4.134E-09  4.137E-09  4.140E-09  4.147E-09  4.152E-09  4.162E-09  4.174E-09  4.191E-09  4.212E-09  4.246E-09  4.303E-09  4.425E-09  4.671E-09  5.095E-09  5.100E-09  5.104E-09  5.105E-09  5.105E-09  5.106E-09  5.106E-09  5.107E-09  5.109E-09  5.110E-09  5.113E-09  5.115E-09  5.117E-09  5.120E-09  5.124E-09  5.128E-09  5.133E-09  5.136E-09  5.140E-09  5.144E-09  5.150E-09  5.156E-09  5.164E-09  5.170E-09  5.175E-09  5.181E-09  5.186E-09  5.191E-09  5.197E-09  5.203E-09  5.214E-09  5.221E-09  5.226E-09  5.231E-09  5.237E-09  5.240E-09  5.243E-09  5.249E-09  5.251E-09  5.254E-09  5.258E-09  5.261E-09  5.264E-09  5.268E-09  5.271E-09  5.274E-09  5.279E-09  5.281E-09  5.283E-09  5.287E-09  5.292E-09  5.297E-09  5.305E-09  5.318E-09  5.339E-09  5.364E-09  5.396E-09  5.439E-09  5.503E-09  5.612E-09  5.821E-09  6.110E-09  6.115E-09  6.118E-09  6.120E-09  6.121E-09  6.121E-09  6.122E-09  6.124E-09  6.127E-09  6.131E-09  6.139E-09  6.143E-09  6.148E-09  6.151E-09  6.155E-09  6.160E-09  6.165E-09  6.170E-09  6.177E-09  6.183E-09  6.191E-09  6.201E-09  6.215E-09  6.236E-09  6.267E-09  6.312E-09  6.373E-09  6.484E-09  6.682E-09  7.013E-09  7.587E-09  8.100E-09  8.105E-09  8.109E-09  8.110E-09  8.110E-09  8.111E-09  8.111E-09  8.113E-09  8.115E-09  8.118E-09  8.121E-09  8.124E-09  8.127E-09  8.131E-09  8.134E-09  8.137E-09  8.140E-09  8.147E-09  8.152E-09  8.162E-09  8.174E-09  8.191E-09  8.212E-09  8.244E-09  8.301E-09  8.421E-09  8.661E-09  9.429E-09  1.009E-08  1.010E-08  1.011E-08  1.011E-08  1.011E-08  1.011E-08  1.011E-08  1.011E-08  1.011E-08  1.011E-08  1.011E-08  1.011E-08  1.012E-08  1.012E-08  1.012E-08  1.012E-08  1.012E-08  1.012E-08  1.012E-08  1.013E-08  1.013E-08  1.013E-08  1.014E-08  1.014E-08  1.014E-08  1.015E-08  1.015E-08  1.015E-08  1.016E-08  1.016E-08  1.016E-08  1.017E-08  1.017E-08  1.017E-08  1.017E-08  1.017E-08  1.018E-08  1.018E-08  1.019E-08  1.019E-08  1.020E-08  1.020E-08  1.020E-08  1.020E-08  1.021E-08  1.021E-08  1.021E-08  1.022E-08  1.022E-08  1.022E-08  1.023E-08  1.023E-08  1.024E-08  1.024E-08  1.024E-08  1.024E-08  1.025E-08  1.025E-08  1.025E-08  1.025E-08  1.026E-08  1.026E-08  1.027E-08  1.028E-08  1.029E-08  1.031E-08  1.033E-08  1.035E-08  1.040E-08  1.045E-08  1.054E-08  1.068E-08  1.097E-08  1.141E-08  1.210E-08  1.210E-08  1.211E-08  1.211E-08  1.211E-08  1.211E-08  1.212E-08  1.212E-08  1.213E-08  1.213E-08  1.214E-08  1.215E-08  1.215E-08  1.216E-08  1.216E-08  1.216E-08  1.217E-08  1.218E-08  1.220E-08  1.222E-08  1.224E-08  1.228E-08  1.235E-08  1.247E-08  1.266E-08  1.297E-08  1.347E-08  1.411E-08  1.411E-08  1.412E-08  1.412E-08  1.412E-08  1.412E-08  1.413E-08  1.413E-08  1.414E-08  1.414E-08  1.414E-08  1.415E-08  1.415E-08  1.415E-08  1.416E-08  1.416E-08  1.418E-08  1.418E-08  1.419E-08  1.421E-08  1.423E-08  1.426E-08  1.430E-08  1.436E-08  1.443E-08  1.459E-08  1.483E-08  1.510E-08  1.510E-08  1.510E-08  1.511E-08  1.511E-08  1.511E-08  1.511E-08  1.511E-08  1.511E-08  1.511E-08  1.512E-08  1.512E-08  1.512E-08  1.513E-08  1.513E-08  1.513E-08  1.514E-08  1.514E-08  1.515E-08  1.515E-08  1.515E-08  1.515E-08  1.516E-08  1.517E-08  1.517E-08  1.517E-08  1.518E-08  1.518E-08  1.519E-08  1.519E-08  1.519E-08  1.520E-08  1.520E-08  1.520E-08  1.520E-08  1.521E-08  1.521E-08  1.521E-08  1.521E-08  1.522E-08  1.522E-08  1.522E-08  1.522E-08  1.523E-08  1.523E-08  1.523E-08  1.524E-08  1.525E-08  1.526E-08  1.527E-08  1.528E-08  1.529E-08  1.530E-08  1.531E-08  1.531E-08  1.531E-08  1.532E-08  1.532E-08  1.532E-08  1.533E-08  1.533E-08  1.534E-08  1.534E-08  1.534E-08  1.534E-08  1.535E-08  1.535E-08  1.536E-08  1.536E-08  1.537E-08  1.539E-08  1.541E-08  1.544E-08  1.548E-08  1.553E-08  1.560E-08  1.572E-08  1.595E-08  1.610E-08  1.610E-08  1.611E-08  1.611E-08  1.611E-08  1.611E-08  1.611E-08  1.611E-08  1.612E-08  1.612E-08  1.613E-08  1.613E-08  1.614E-08  1.615E-08  1.615E-08  1.616E-08  1.616E-08  1.617E-08  1.617E-08  1.618E-08  1.618E-08  1.619E-08  1.619E-08  1.620E-08  1.620E-08  1.621E-08  1.621E-08  1.621E-08  1.622E-08  1.622E-08  1.623E-08  1.624E-08  1.626E-08  1.628E-08  1.631E-08  1.635E-08  1.643E-08  1.658E-08  1.679E-08  1.715E-08  1.772E-08  1.811E-08  1.812E-08  1.812E-08  1.812E-08  1.812E-08  1.812E-08  1.812E-08  1.812E-08  1.813E-08  1.813E-08  1.814E-08  1.814E-08  1.816E-08  1.817E-08  1.818E-08  1.818E-08  1.819E-08  1.819E-08  1.820E-08  1.820E-08  1.820E-08  1.821E-08  1.822E-08  1.822E-08  1.822E-08  1.823E-08  1.823E-08  1.824E-08  1.825E-08  1.827E-08  1.830E-08  1.833E-08  1.837E-08  1.843E-08  1.852E-08  1.869E-08  1.907E-08  1.963E-08  2.000E-08 ];
