% Matlab M-file converted by [Custom WaveView] saved 17:13:50 Fri Apr 24 2020
TIME = [ 0.000E+00  2.500E-11  5.000E-11  1.000E-10  1.015E-10  1.028E-10  1.069E-10  1.096E-10  1.100E-10  1.107E-10  1.109E-10  1.115E-10  1.129E-10  1.152E-10  1.177E-10  1.210E-10  1.260E-10  1.287E-10  1.313E-10  1.369E-10  1.391E-10  1.412E-10  1.455E-10  1.503E-10  1.564E-10  1.679E-10  1.812E-10  1.993E-10  2.223E-10  2.616E-10  3.309E-10  4.735E-10  7.217E-10  1.112E-09  1.759E-09  2.110E-09  2.115E-09  2.118E-09  2.120E-09  2.121E-09  2.121E-09  2.122E-09  2.124E-09  2.127E-09  2.131E-09  2.138E-09  2.142E-09  2.147E-09  2.150E-09  2.154E-09  2.162E-09  2.170E-09  2.176E-09  2.180E-09  2.184E-09  2.192E-09  2.199E-09  2.208E-09  2.219E-09  2.234E-09  2.255E-09  2.287E-09  2.337E-09  2.414E-09  2.538E-09  2.736E-09  3.056E-09  3.573E-09  4.100E-09  4.105E-09  4.109E-09  4.110E-09  4.110E-09  4.111E-09  4.111E-09  4.113E-09  4.115E-09  4.118E-09  4.121E-09  4.124E-09  4.127E-09  4.129E-09  4.131E-09  4.134E-09  4.136E-09  4.140E-09  4.147E-09  4.152E-09  4.161E-09  4.173E-09  4.190E-09  4.211E-09  4.242E-09  4.298E-09  4.415E-09  4.645E-09  5.095E-09  5.100E-09  5.104E-09  5.105E-09  5.105E-09  5.106E-09  5.106E-09  5.107E-09  5.109E-09  5.110E-09  5.113E-09  5.115E-09  5.117E-09  5.120E-09  5.124E-09  5.128E-09  5.132E-09  5.136E-09  5.140E-09  5.143E-09  5.148E-09  5.154E-09  5.163E-09  5.168E-09  5.174E-09  5.179E-09  5.185E-09  5.189E-09  5.194E-09  5.197E-09  5.200E-09  5.212E-09  5.219E-09  5.224E-09  5.229E-09  5.237E-09  5.241E-09  5.245E-09  5.250E-09  5.253E-09  5.256E-09  5.261E-09  5.264E-09  5.266E-09  5.270E-09  5.274E-09  5.281E-09  5.292E-09  5.306E-09  5.324E-09  5.347E-09  5.385E-09  5.448E-09  5.558E-09  5.730E-09  6.031E-09  6.110E-09  6.115E-09  6.117E-09  6.120E-09  6.120E-09  6.121E-09  6.122E-09  6.124E-09  6.127E-09  6.132E-09  6.140E-09  6.145E-09  6.149E-09  6.156E-09  6.160E-09  6.163E-09  6.168E-09  6.174E-09  6.181E-09  6.191E-09  6.204E-09  6.226E-09  6.256E-09  6.292E-09  6.344E-09  6.427E-09  6.612E-09  6.932E-09  7.443E-09  8.100E-09  8.105E-09  8.110E-09  8.112E-09  8.112E-09  8.114E-09  8.116E-09  8.119E-09  8.123E-09  8.126E-09  8.129E-09  8.133E-09  8.136E-09  8.138E-09  8.142E-09  8.147E-09  8.152E-09  8.162E-09  8.174E-09  8.191E-09  8.212E-09  8.245E-09  8.302E-09  8.422E-09  8.663E-09  9.383E-09  1.009E-08  1.010E-08  1.011E-08  1.011E-08  1.011E-08  1.011E-08  1.011E-08  1.011E-08  1.011E-08  1.011E-08  1.011E-08  1.011E-08  1.012E-08  1.012E-08  1.012E-08  1.012E-08  1.012E-08  1.012E-08  1.012E-08  1.013E-08  1.013E-08  1.013E-08  1.013E-08  1.014E-08  1.014E-08  1.014E-08  1.014E-08  1.015E-08  1.015E-08  1.015E-08  1.015E-08  1.015E-08  1.016E-08  1.016E-08  1.016E-08  1.017E-08  1.017E-08  1.017E-08  1.018E-08  1.018E-08  1.019E-08  1.020E-08  1.020E-08  1.021E-08  1.022E-08  1.022E-08  1.022E-08  1.023E-08  1.023E-08  1.024E-08  1.024E-08  1.025E-08  1.025E-08  1.025E-08  1.026E-08  1.027E-08  1.028E-08  1.029E-08  1.032E-08  1.035E-08  1.039E-08  1.044E-08  1.052E-08  1.066E-08  1.095E-08  1.139E-08  1.210E-08  1.210E-08  1.211E-08  1.211E-08  1.211E-08  1.211E-08  1.212E-08  1.212E-08  1.213E-08  1.213E-08  1.214E-08  1.215E-08  1.215E-08  1.216E-08  1.216E-08  1.216E-08  1.217E-08  1.218E-08  1.220E-08  1.222E-08  1.224E-08  1.227E-08  1.234E-08  1.246E-08  1.265E-08  1.296E-08  1.344E-08  1.411E-08  1.411E-08  1.412E-08  1.412E-08  1.412E-08  1.412E-08  1.413E-08  1.413E-08  1.414E-08  1.414E-08  1.414E-08  1.415E-08  1.415E-08  1.415E-08  1.416E-08  1.416E-08  1.418E-08  1.418E-08  1.419E-08  1.421E-08  1.423E-08  1.426E-08  1.430E-08  1.436E-08  1.444E-08  1.459E-08  1.483E-08  1.510E-08  1.510E-08  1.510E-08  1.511E-08  1.511E-08  1.511E-08  1.511E-08  1.511E-08  1.511E-08  1.511E-08  1.512E-08  1.512E-08  1.512E-08  1.513E-08  1.513E-08  1.513E-08  1.514E-08  1.514E-08  1.515E-08  1.515E-08  1.516E-08  1.516E-08  1.516E-08  1.517E-08  1.517E-08  1.517E-08  1.518E-08  1.518E-08  1.518E-08  1.519E-08  1.519E-08  1.519E-08  1.520E-08  1.520E-08  1.520E-08  1.521E-08  1.521E-08  1.521E-08  1.521E-08  1.522E-08  1.522E-08  1.522E-08  1.523E-08  1.523E-08  1.523E-08  1.524E-08  1.525E-08  1.526E-08  1.527E-08  1.529E-08  1.531E-08  1.535E-08  1.541E-08  1.550E-08  1.565E-08  1.594E-08  1.610E-08  1.610E-08  1.611E-08  1.611E-08  1.611E-08  1.611E-08  1.611E-08  1.611E-08  1.612E-08  1.612E-08  1.613E-08  1.613E-08  1.614E-08  1.614E-08  1.615E-08  1.616E-08  1.616E-08  1.617E-08  1.617E-08  1.617E-08  1.618E-08  1.618E-08  1.619E-08  1.620E-08  1.620E-08  1.621E-08  1.621E-08  1.621E-08  1.622E-08  1.622E-08  1.623E-08  1.624E-08  1.626E-08  1.628E-08  1.631E-08  1.635E-08  1.644E-08  1.658E-08  1.680E-08  1.717E-08  1.775E-08  1.811E-08  1.812E-08  1.812E-08  1.812E-08  1.812E-08  1.812E-08  1.812E-08  1.812E-08  1.813E-08  1.813E-08  1.814E-08  1.814E-08  1.816E-08  1.816E-08  1.817E-08  1.818E-08  1.818E-08  1.819E-08  1.819E-08  1.820E-08  1.820E-08  1.821E-08  1.821E-08  1.822E-08  1.822E-08  1.822E-08  1.823E-08  1.823E-08  1.824E-08  1.826E-08  1.828E-08  1.831E-08  1.834E-08  1.839E-08  1.845E-08  1.855E-08  1.876E-08  1.918E-08  1.981E-08  2.000E-08 ];
